      0/99    0.824G   0.07109    0.0286         0   0.09969       191       640    0.7185    0.7012    0.7605    0.2994   0.09619   0.02781         0
      1/99     5.13G   0.05555   0.02505         0    0.0806       286       640    0.7836    0.7937    0.8237     0.424   0.08731   0.02544         0
      2/99      6.3G   0.04922   0.02395         0   0.07317       225       640    0.7501    0.8638    0.8193    0.4194   0.07539   0.02782         0
      3/99     6.31G   0.04393   0.02351         0   0.06744       274       640    0.8588    0.8827    0.9156    0.5756   0.07087   0.02883         0
      4/99     6.31G   0.03875   0.02407         0   0.06283       258       640    0.8532    0.9226    0.9313    0.6016   0.06531   0.02988         0
      5/99     6.31G   0.03907   0.02321         0   0.06228       278       640    0.7574    0.9115    0.8133    0.5002   0.06216   0.03141         0
      6/99     6.31G   0.03838   0.02442         0    0.0628       385       640    0.8033     0.933    0.8613    0.5761   0.06352   0.03192         0
      7/99     6.33G   0.03758   0.02478         0   0.06236       142       640    0.8026    0.9061    0.8844    0.5154   0.06416   0.03238         0
      8/99     6.33G   0.03818   0.02372         0   0.06189       320       640    0.7894    0.9275    0.8369    0.5605   0.06547   0.03268         0
      9/99     6.33G    0.0348   0.02281         0   0.05761       212       640    0.8695    0.9158    0.9077     0.619   0.06183   0.03253         0
     10/99     6.33G   0.03443   0.02218         0   0.05661       246       640    0.7927    0.9239    0.8551    0.5777   0.06103   0.03489         0
     11/99     6.33G   0.03338   0.02205         0   0.05542       243       640     0.769    0.9275    0.8186    0.5235   0.06471   0.03365         0
     12/99     6.34G   0.03314   0.02169         0   0.05484       247       640    0.8239    0.9137    0.8774    0.6246   0.06336   0.03315         0
     13/99     6.34G   0.03355   0.02249         0   0.05604       250       640    0.7706    0.9379    0.8188    0.5622   0.06703   0.03443         0
     14/99     6.34G   0.03345    0.0225         0   0.05595       304       640    0.8342    0.9351    0.9046    0.6481    0.0673   0.03231         0
     15/99     6.34G   0.03387   0.02167         0   0.05555       262       640     0.791     0.873    0.8622    0.5681   0.06824   0.03707         0
     16/99     6.34G   0.03461   0.02247         0   0.05707       330       640    0.8172    0.9255    0.8785    0.6258   0.06382   0.03437         0
     17/99     6.34G   0.03285   0.02213         0   0.05497       211       640     0.875    0.8896    0.9191    0.6511   0.06014   0.03483         0
     18/99     6.34G    0.0318   0.02152         0   0.05332       339       640    0.8423    0.8992    0.9028    0.6543   0.06013   0.03537         0
     19/99     6.34G   0.03094   0.02096         0   0.05191       396       640    0.8778    0.9482    0.9478     0.669   0.06155   0.03418         0
     20/99     6.34G    0.0312   0.02038         0   0.05158       244       640    0.8956    0.9061    0.9428    0.7067   0.06152   0.03301         0
     21/99     6.34G   0.03265   0.02114         0   0.05379       263       640    0.8928    0.9027    0.9429    0.6752   0.06461   0.03422         0
     22/99     6.34G   0.03008   0.02073         0   0.05081       258       640    0.8674    0.9406    0.9423    0.7139   0.05898   0.03345         0
     23/99     6.34G   0.03076   0.02174         0    0.0525       372       640    0.8818    0.9482    0.9455    0.7289   0.05909   0.03319         0
     24/99     6.34G   0.02824   0.02098         0   0.04922       234       640    0.9025    0.9074    0.9484    0.7196   0.04961   0.03536         0
     25/99     6.34G   0.02947   0.02172         0   0.05119       278       640    0.8726    0.9379    0.9534    0.7215   0.04283   0.03578         0
     26/99     6.34G   0.02914    0.0212         0   0.05035       408       640    0.8881    0.9317    0.9471    0.7182   0.04324   0.03536         0
     27/99     6.34G    0.0303   0.02016         0   0.05046       330       640      0.88    0.9496    0.9506    0.7231   0.04314   0.03746         0
     28/99     6.34G   0.02838   0.02086         0   0.04924       222       640    0.8754    0.9482    0.9458    0.7292   0.05243   0.03627         0
     29/99     6.34G   0.02795   0.02042         0   0.04837       263       640    0.8832    0.9606     0.954    0.7346   0.05041    0.0374         0
     30/99     6.34G   0.02755   0.01951         0   0.04706       167       640    0.8832    0.9186    0.9429    0.7202   0.05506   0.03959         0
     31/99     6.34G     0.031   0.02078         0   0.05178       246       640    0.8862    0.9191    0.9404    0.7105   0.03995   0.03878         0
     32/99     6.34G   0.03109   0.02023         0   0.05132       345       640    0.8773    0.9482    0.9539    0.7318   0.04249   0.03947         0
     33/99     6.34G   0.03003   0.01969         0   0.04972       333       640    0.8891    0.9462    0.9457    0.7306   0.04207   0.04018         0
     34/99     6.34G   0.02927   0.02072         0   0.04999       174       640    0.8751    0.9289    0.9325    0.7167   0.04339    0.0386         0
     35/99     6.34G   0.02923   0.02037         0   0.04961       132       640    0.8879    0.9295     0.947    0.7205   0.04299   0.04071         0
     36/99     6.34G   0.02822   0.02014         0   0.04837       283       640    0.8859    0.9487    0.9516    0.7355   0.04168   0.03863         0
     37/99     6.34G    0.0283   0.01914         0   0.04744       278       640    0.9022      0.93    0.9592    0.7511   0.04264   0.04077         0
     38/99     6.34G   0.02833   0.01961         0   0.04795       320       640     0.875     0.966    0.9525    0.7493    0.0417   0.03866         0
     39/99     6.34G   0.02777   0.01924         0     0.047       310       640    0.8802    0.9586    0.9563    0.7489   0.04182   0.03852         0
     40/99     6.34G   0.02663   0.01946         0   0.04609       232       640    0.8986    0.9482    0.9627    0.7685   0.04165   0.03888         0
     41/99     6.35G   0.02775    0.0195         0   0.04725       378       640    0.9027    0.9351    0.9611     0.761    0.0413   0.03873         0
     42/99     6.35G   0.02798   0.01955         0   0.04752       327       640    0.8986    0.9475    0.9591    0.7578   0.04115   0.04062         0
     43/99     6.35G   0.02574    0.0187         0   0.04444       145       640    0.8989     0.951    0.9605    0.7558   0.04203   0.04005         0
     44/99     6.35G   0.02718   0.01852         0    0.0457       360       640    0.8904    0.9592    0.9584    0.7617   0.04101   0.03979         0
     45/99     6.35G   0.02567   0.01972         0   0.04539       276       640    0.8945     0.951    0.9622    0.7648   0.04183   0.04035         0
     46/99     6.35G   0.02576   0.01904         0    0.0448       302       640     0.898    0.9607    0.9659    0.7775    0.0413   0.03929         0
     47/99     6.35G   0.02656   0.01916         0   0.04572       333       640    0.8585    0.9476    0.9309    0.7088   0.04289   0.03976         0
     48/99     6.35G   0.02858   0.02001         0   0.04859       289       640    0.8843    0.9469    0.9474    0.7422    0.0421   0.04042         0
     49/99     6.35G   0.02831    0.0197         0   0.04801       358       640    0.8986    0.9545     0.961    0.7701   0.04245   0.04035         0
     50/99     6.35G   0.02611   0.01883         0   0.04494       303       640    0.9132    0.9372    0.9548     0.759   0.04236   0.03997         0
     51/99     6.35G   0.02741   0.01968         0   0.04708       351       640    0.8975    0.9543    0.9533    0.7609    0.0412   0.04117         0
     52/99     6.35G   0.02556   0.01888         0   0.04445       267       640    0.9027    0.9544    0.9625    0.7739   0.04165   0.04103         0
     53/99     6.35G   0.02457    0.0186         0   0.04317       199       640    0.8995    0.9586    0.9611    0.7805   0.04092   0.04095         0
     54/99     6.35G   0.02447   0.01845         0   0.04292       244       640    0.8969    0.9544    0.9603    0.7743    0.0411   0.04143         0
     55/99     6.35G   0.02532   0.01922         0   0.04455       374       640    0.9044    0.9662    0.9663    0.7803   0.04107   0.04006         0
     56/99     6.35G   0.02597   0.01779         0   0.04376       151       640     0.907    0.9593    0.9655    0.7811   0.04099    0.0405         0
     57/99     6.35G   0.02469   0.01834         0   0.04303       350       640    0.8917    0.9614     0.958    0.7777   0.04082   0.04147         0
     58/99     6.35G   0.02595   0.01814         0    0.0441       290       640    0.9076    0.9565    0.9719    0.7865   0.04151   0.04091         0
     59/99     6.35G    0.0259   0.01775         0   0.04365       151       640     0.888    0.9745    0.9714     0.786   0.04122   0.03996         0
     60/99     6.35G   0.02464   0.01801         0   0.04265       299       640    0.8864    0.9689    0.9636    0.7758   0.04074   0.04191         0
     61/99     6.35G   0.02508   0.01936         0   0.04443       419       640      0.89    0.9496    0.9552    0.7606   0.04115   0.04097         0
     62/99     6.35G   0.02709   0.01883         0   0.04592       318       640     0.895    0.9538    0.9668    0.7848   0.04151    0.0418         0
     63/99     6.35G     0.026   0.01952         0   0.04552       271       640    0.8969     0.973     0.964    0.7819   0.04127   0.04125         0
     64/99     6.35G   0.02544   0.01848         0   0.04391       366       640    0.8875    0.9688    0.9596    0.7789   0.04105   0.04165         0
     65/99     6.35G   0.02555   0.01828         0   0.04383       356       640    0.9019    0.9586    0.9587     0.777   0.04067   0.04198         0
     66/99     6.35G     0.024   0.01762         0   0.04162       317       640    0.8888    0.9683    0.9621    0.7846   0.04095   0.04249         0
     67/99     6.35G    0.0227   0.01785         0   0.04055       180       640    0.8972    0.9579    0.9559    0.7802   0.04073   0.04163         0
     68/99     6.35G   0.02451    0.0174         0   0.04191       261       640    0.8985    0.9655    0.9641    0.7875   0.04095    0.0421         0
     69/99     6.35G   0.02451   0.01808         0   0.04258       190       640    0.9064    0.9495    0.9617    0.7843    0.0401   0.04159         0
     70/99     6.35G   0.02363   0.01785         0   0.04148       311       640    0.9024    0.9579    0.9628    0.7898   0.04004   0.04143         0
     71/99     6.35G   0.02445   0.01696         0   0.04141       358       640     0.914     0.939    0.9613     0.784    0.0408   0.04079         0
     72/99     6.35G   0.02585   0.01751         0   0.04336       347       640    0.9051    0.9614    0.9623    0.7874    0.0404   0.04215         0
     73/99     6.35G    0.0242   0.01785         0   0.04205       173       640    0.9076    0.9627    0.9667    0.7911   0.04033   0.04171         0
     74/99     6.35G   0.02289   0.01752         0   0.04042       389       640    0.9041    0.9634    0.9642    0.7862   0.04068   0.04204         0
     75/99     6.35G   0.02343   0.01716         0   0.04059       384       640    0.9001    0.9703    0.9638    0.7919   0.04066   0.04146         0
     76/99     6.35G   0.02503   0.01819         0   0.04322       260       640    0.9009    0.9662    0.9637     0.789   0.04032   0.04133         0
     77/99     6.35G   0.02403   0.01786         0   0.04189       451       640      0.91    0.9558    0.9643    0.7908   0.04034   0.04163         0
     78/99     6.35G   0.02406   0.01835         0   0.04241       459       640    0.8935    0.9676     0.964    0.7913   0.04033   0.04167         0
     79/99     6.35G   0.02423   0.01761         0   0.04183       177       640    0.9096    0.9586    0.9641    0.7955   0.04028   0.04199         0
     80/99     6.35G   0.02276   0.01745         0   0.04021       161       640    0.9068    0.9545    0.9649    0.7968    0.0401   0.04153         0
     81/99     6.35G   0.02378   0.01802         0    0.0418       361       640     0.896    0.9655    0.9638     0.797   0.04031   0.04236         0
     82/99     6.35G   0.02237   0.01752         0    0.0399       273       640    0.9011    0.9625    0.9653    0.7966   0.04054   0.04233         0
     83/99     6.35G    0.0227   0.01747         0   0.04017       375       640    0.9004    0.9655    0.9647    0.7971    0.0405   0.04222         0
     84/99     6.35G   0.02244   0.01772         0   0.04016       404       640    0.8937    0.9744    0.9633    0.7978    0.0402   0.04179         0
     85/99     6.35G   0.02318   0.01748         0   0.04065       307       640    0.8949    0.9724    0.9656    0.8009   0.04028   0.04232         0
     86/99     6.35G   0.02261   0.01691         0   0.03952       354       640    0.9036    0.9641    0.9647    0.8001   0.04009   0.04214         0
     87/99     6.35G    0.0235   0.01808         0   0.04158       245       640    0.8929    0.9722    0.9636    0.7978   0.04028   0.04254         0
     88/99     6.35G    0.0236   0.01785         0   0.04145       452       640    0.9066      0.96    0.9663    0.7993   0.04026   0.04162         0
     89/99     6.35G   0.02367   0.01763         0   0.04129       206       640    0.9057    0.9613    0.9665    0.8001   0.04016   0.04189         0
     90/99     6.35G   0.02268   0.01691         0   0.03959       244       640    0.9053    0.9627    0.9662    0.8023   0.04029   0.04232         0
     91/99     6.35G   0.02214   0.01711         0   0.03924       169       640    0.8913    0.9745    0.9649    0.7999   0.04011   0.04245         0
     92/99     6.35G    0.0214   0.01689         0   0.03829       183       640    0.9016    0.9627    0.9651    0.8025      0.04   0.04267         0
     93/99     6.35G   0.02181   0.01689         0    0.0387       139       640    0.8914    0.9758     0.966    0.8014   0.04004   0.04253         0
     94/99     6.35G   0.02187   0.01715         0   0.03902       376       640    0.9005    0.9627    0.9655    0.8021   0.04008   0.04244         0
     95/99     6.35G   0.02343    0.0172         0   0.04063       274       640    0.9017    0.9627    0.9654    0.8022   0.03994   0.04274         0
     96/99     6.35G   0.02272   0.01779         0   0.04051       373       640     0.892    0.9742    0.9645    0.7994   0.04008   0.04251         0
     97/99     6.35G   0.02348   0.01729         0   0.04076       179       640    0.8919    0.9745    0.9641    0.7996   0.03997   0.04244         0
     98/99     6.35G   0.02379   0.01684         0   0.04064       186       640    0.8955     0.971    0.9644    0.8014   0.04004   0.04228         0
     99/99     6.35G   0.02276   0.01748         0   0.04024       215       640    0.8946    0.9724     0.965    0.8021   0.04001   0.04211         0
